240
4 1 1
0 1 0
-1 1 1
0 1 0
4 1 1
0 0.5 0
7 0.5 1
6 1.0 1
7 1.0 1
4 1.0 1
0 1.0 0
-1 1.0 1
0 1.0 0
4 1.0 1
0 0.5 0
7 0.5 1
6 1.0 1
4 1.0 1
3 1.0 1
0 1.0 0
-1 1.0 1
0 1.0 0
3 1.0 1
0 0.5 0
6 0.5 1
4 1.0 1
3 1.0 1
4 1.0 1
7 1.0 1
11 1.0 1
-1 0.5 1
4 1.0 1
7 0.5 1
11 1.0 1
-1 1.0 1
4 1.0 1
7 1.0 1
11 1.0 1
-1 0.5 1
4 1.0 1
7 0.5 1
11 1.0 1
-1 1.0 1
3 1.0 1
6 1.0 1
9 6.0 1
11 0.5 1
9 0.5 1
7 0.5 1
6 0.5 1
4 1.0 1
11 1.0 1
0 1.0 0
11 1.0 1
0 1.0 0
11 0.5 1
10 0.5 1
11 0.5 1
10 0.5 1
11 1.0 1
4 1.0 1
11 1.0 1
0 1.0 0
11 1.0 1
0 1.0 0
11 0.5 1
10 0.5 1
11 0.5 1
10 0.5 1
11 1.0 1
12 1.0 1
11 1.0 1
0 1.0 0
11 0.5 1
10 0.5 1
11 0.5 1
10 0.5 1
11 0.5 1
10 0.5 1
11 0.5 1
0 0.5 0
-1 1.0 1
7 2.0 1
6 1.0 1
4 1.0 1
7 2.0 1
0 1.0 0
-1 1.0 1
7 2.0 1
6 1.0 1
4 1.0 1
7 2.0 1
0 1.0 0
7 1.0 1
6 2.0 1
3 1.0 1
-1 1.0 1
6 2.0 1
7 1.0 1
6 1.0 1
4 2.0 1
