206
-9 0.5 1
-7 0.5 1
-4 0.5 0
-4 0.5 1
-4 1 0
-7 0.5 1
-7 1.5 0
-9 0.5 1
-9 0.5 0
-14 0.5 1
-12 0.5 1
-9 0.5 1
-9 0.5 0
-14 0.5 1
-12 0.5 1
-12 0.5 0
-9 0.5 1
-9 0.5 0
-9 0.5 1
-14 1 1
-12 1 1
-9 1 1
-7 1 1
-4 1 1
-2 0.333 1
5 0.333 1
10 0.333 1
-2 1 1
-2 2 0
-7 0.5 1
-4 0.5 1
-4 0.5 0
-7 0.5 1
-4 1 1
-7 1 1
5 2.5 0
-4 0.5 1
-4 0.5 0
-4 0.5 1
-4 0.5 0
-7 0.5 1
-4 1 1
-7 1 1
-9 0.5 1
-7 0.5 1
-4 0.5 0
-4 0.5 1
-4 1 0
-7 0.5 1
-7 1.5 0
-9 0.5 1
-9 0.5 0
-14 0.5 1
-12 0.5 1
-9 0.5 1
-9 0.5 0
-14 0.5 1
-12 0.5 1
-12 0.5 0
-9 0.5 1
-9 0.5 0
-9 0.5 1
-14 1 1
-12 1 1
12 1 1
20 0.5 1
22 1 1
24 1.5 1
22 0.5 1
20 0.5 1
22 0.5 1
17 1 1
20 1 1
20 1 1
22 1 1
17 0.5 1
17 0.5 1
20 1 1
20 0.5 1
17 1 1
17 1 0
15 1 1
15 1 1
15 0.5 1
17 1.5 1
17 1 0
24 0.5 1
24 1 1
24 1 1
24 0.5 0
17 0.5 1
20 1 1
20 1 1
22 1 1
17 0.5 1
17 1 1
15 1 1
15 0.5 1
15 1 1
15 0.5 0
15 0.5 1
17 1 1
17 1 1
17 1 1
17 0.5 1
20 1 1
14 0.333 1
17 0.333 1
22 0.333 1
17 1 1
17 1 0
20 0.5 1
22 1 1
22 1 1
22 0.5 0
17 0.5 1
20 0.5 1
22 1 1
22 1 1
20 1 1
24 1 1
22 1 1
22 1.5 1
22 1 0
24 0.5 1
26 1 1
26 1.5 1
26 0.5 1
20 0.5 1
24 0.5 1
26 1 1
26 1.5 1
26 0.5 0
20 0.5 1
24 0.5 1
26 1 1
26 1 1
24 1 1
27 1 1
26 1 1
26 1.5 1
26 1 1
20 0.5 1
20 0.5 1
20 0.5 1
20 0.5 1
20 0.5 1
19 0.5 1
19 0.5 1
19 1 1
17 0.5 1
17 0.5 1
17 0.5 1
17 0.5 1
15 0.5 1
15 0.5 1
12 0.5 1
15 0.5 1
17 0.5 1
17 0.5 1
17 0.5 1
17 0.5 0
17 1 1
17 0.5 0
15 0.5 1
17 0.5 1
17 0.5 1
17 0.5 1
17 0.5 0
17 1 1
17 0.5 0
20 0.5 1
20 0.5 1
20 0.5 1
20 0.5 1
20 0.5 1
19 0.5 1
19 0.5 1
19 1 1
17 0.5 1
17 0.5 1
17 0.5 1
17 0.5 1
15 0.5 1
15 0.5 1
12 0.5 1
15 0.5 1
17 0.5 1
17 0.5 1
17 0.5 1
17 0.5 0
17 1 1
17 0.5 0
15 0.5 1
17 0.5 1
17 0.5 1
17 0.5 1
17 0.5 0
17 1 1
17 0.5 0
24 1 1
32 1 1
22 1 1
31 1 1
20 1 1
29 1 1
19 1 1
27 1 1
15 0.5 1
17 0.5 1
17 0.5 1
17 0.5 1
17 0.5 0
0 0.5 1
3 1 1
15 0.5 1
17 0.5 1
17 0.5 1
17 0.5 1
17 0.5 0
29 1 1
20 0.5 0
24 1 1
32 1 1
22 1 1
31 1 1
20 1 1
29 1 1
19 1 1
27 1 1
20 0.5 1
20 0.5 1
20 0.5 1
24 6 1
20 0.5 0
22 6 1
20 0.5 0
24 0.5 1
22 0.5 1
22 0.5 0
20 6 1
22 2 0
19 8 1
