125
11 0.5 1
9 0.5 1
8 0.5 1
4 0.5 1
6 1.0 1
6 0.5 1
13 0.5 1
11 1.0 1
9 1.0 1
8 1.0 1
8 0.5 1
8 0.5 1
11 1.0 1
9 0.5 1
8 0.5 1
6 1.0 1
6 0.5 1
21 0.5 1
20 0.5 1
21 0.5 1
20 0.5 1
21 0.5 1
6 1.0 1
6 0.5 1
21 0.5 1
20 0.5 1
21 0.5 1
20 0.5 1
21 0.5 1
6 1.0 1
6 0.5 1
13 0.5 1
11 1.0 1
9 1.0 1
8 1.0 1
8 0.5 1
8 0.5 1
11 1.0 1
9 0.5 1
8 0.5 1
6 1.0 1
6 0.5 1
21 0.5 1
20 0.5 1
21 0.5 1
20 0.5 1
21 0.5 1
6 1.0 1
6 0.5 1
21 0.5 1
20 0.5 1
21 0.5 1
20 0.5 1
21 0.5 1
9 0.5 1
9 0.5 1
9 0.5 1
9 0.5 1
13 0.5 1
13 0.5 1
13 0.5 1
13 0.5 1
11 0.5 1
11 0.5 1
11 0.5 1
11 0.5 1
16 0.5 1
16 0.5 1
16 0.5 1
16 0.5 1
18 0.5 1
18 0.5 1
18 0.5 1
18 0.5 1
18 0.5 1
18 0.5 1
18 0.5 1
18 0.5 1
18 0.5 1
18 0.5 1
18 0.5 1
18 0.5 1
11 0.5 1
9 0.5 1
8 0.5 1
4 0.5 1
6 1.0 1
6 0.5 1
13 0.5 1
11 1.0 1
9 1.0 1
8 1.0 1
8 0.5 1
8 0.5 1
11 1.0 1
9 0.5 1
8 0.5 1
6 1.0 1
6 0.5 1
21 0.5 1
20 0.5 1
21 0.5 1
20 0.5 1
21 0.5 1
6 1.0 1
6 0.5 1
21 0.5 1
20 0.5 1
21 0.5 1
20 0.5 1
21 0.5 1
6 1.0 1
6 0.5 1
13 0.5 1
11 1.0 1
9 1.0 1
8 1.0 1
8 0.5 1
8 0.5 1
11 1.0 1
9 0.5 1
8 0.5 1
6 1.0 1
6 0.5 1
21 0.5 1
20 0.5 1
21 0.5 1
20 0.5 1
21 0.5 1
6 1.0 1
6 0.5 1
21 0.5 1
20 0.5 1
21 0.5 1
20 0.5 1
21 0.5 1
