120
6 1 1
8 1 1
11 1 1
8 1 1
6 0.5 1
8 0.5 1
6 0.25 1
4 0.5 1
8 2.25 1
1 0.5 0
6 0.5 1
6 0.5 1
8 0.25 1
9 0.75 1
8 0.5 1
6 0.5 1
4 0.5 1
8 1.0 1
1 1.0 1
4 1.5 1
1 0.5 1
6 1.0 1
8 1.0 1
11 1.0 1
8 1.0 1
6 0.5 1
8 0.5 1
6 0.5 1
4 0.25 1
8 2.25 1
1 0.5 0
6 0.5 1
6 0.5 1
8 0.5 1
9 0.5 1
8 0.5 1
6 0.25 1
4 0.75 1
8 0.5 1
6 0.5 1
6 0.5 1
1 0.5 1
4 2.0 1
1 1.5 0
1 0.5 1
8 0.5 1
6 0.5 1
6 0.5 1
4 2.0 1
1 0.5 0
4 0.5 1
1 1.5 1
-4 1.0 1
-4 1 1
-4 1 1
-4 1 1
-4 1 1
-4 1 1
-4 1 1
-4 1 1
-1 1 1
-1 1 1
-1 1 1
-1 1 1
-3 1 1
-3 1 1
-3 1 1
-3 1 1
8 3.0 1
11 0.75 1
8 0.25 1
6 3.0 1
11 0.75 1
8 0.25 1
6 2.0 1
8 0.5 1
8 0.5 1
8 0.5 1
8 0.5 1
8 1.5 1
8 0.25 1
6 0.25 1
8 0.5 1
8 0.5 1
8 1.0 1
8 0.5 1
8 0.5 1
8 0.5 1
8 0.5 1
11 0.5 1
11 0.25 1
6 1.0 1
1 0.25 0
8 0.5 1
6 0.5 1
4 0.5 1
1 0.5 1
8 0.5 1
6 0.5 1
4 0.25 1
6 0.5 1
1 0.25 0
1 0.5 0
8 0.25 1
6 0.25 1
4 0.5 1
1 0.5 1
8 0.5 1
6 0.5 1
4 0.25 1
6 0.5 1
1 0.25 0
8 1.5 1
8 0.25 1
6 0.25 1
8 0.5 1
8 0.5 1
8 1.0 1
8 1.5 1
8 0.25 1
6 0.25 1
8 0.5 1
8 0.5 1
4 0.25 1
6 0.5 1
1 0.25 0
8 1.0 1
1 0.75 1
-1 0.25 1
1 0.5 1
4 0.5 1
12 0.5 1
11 1.5 1
8 1.0 1
4 0.5 1
6 0.5 1
8 1.0 1
6 2.0 1
3 0.5 1
1 0.5 1
3 0.5 1
4 1.0 1
1 1.25 1
-1 0.25 1
1 0.25 1
-1 0.25 1
-3 1.0 1
1 0.5 0
8 1.0 1
1 0.75 1
-1 0.25 1
1 0.5 1
4 0.5 1
12 0.5 1
11 1.5 1
8 1.0 1
4 0.5 1
6 0.5 1
8 1.0 1
6 2.0 1
3 0.5 1
1 0.5 1
3 0.5 1
4 1.0 1
1 1.25 1
-1 0.25 1
1 0.25 1
-1 0.25 1
-3 1.0 1
1 0.5 0
0 1 0
1 1.5 1
-1 0.25 1
1 0.5 1
0 0.5 1
1 0.75 1
-1 0.25 1
1 0.5 1
0 0.5 0
1 0.75 1
-1 0.25 1
1 0.5 1
-1 1.0 1
0 0.5 0
1 1.0 1
-1 1.0 1
-4 1.0 1
-8 1.0 1
-6 1.0 1
-4 1.0 1
-6 0.5 1
-8 0.5 1
-11 0.75 1
-13 0.25 1
6 1 1
8 1 1
11 1 1
8 1 1
6 0.5 1
8 0.5 1
6 0.25 1
4 0.5 1
8 2.25 1
1 0.5 0
6 0.5 1
6 0.5 1
8 0.25 1
9 0.75 1
8 0.5 1
6 0.5 1
4 0.5 1
8 1.0 1
1 1.0 1
4 1.5 1
1 0.5 1
6 1.0 1
8 1.0 1
11 1.0 1
8 1.0 1
6 0.5 1
8 0.5 1
6 0.5 1
4 0.25 1
8 2.25 1
1 0.5 0
6 0.5 1
6 0.5 1
8 0.5 1
9 0.5 1
8 0.5 1
6 0.25 1
4 0.75 1
8 0.5 1
6 0.5 1
6 0.5 1
1 0.5 1
4 2.0 1
1 1.5 0
1 0.5 1
8 0.5 1
6 0.5 1
6 0.5 1
4 0.5 1
1 4.0 1
