126
-6 0.25 1
-3 0.25 1
-1 0.25 1
0 0.75 0
-1 0.25 1
0 0.5 0
-1 0.25 1
-1 0.25 1
1 0.25 1
-1 0.25 1
-3 0.25 1
-1 0.25 1
0 0.25 0
-6 0.25 1
-3 0.25 1
-1 0.25 1
-1 0.25 1
0 0.5 0
-1 0.25 1
0 0.5 0
-1 0.25 1
-1 0.25 1
1 0.25 1
-1 0.25 1
-3 0.25 1
-1 0.25 1
0 0.25 0
-6 0.25 1
-3 0.25 1
-1 0.25 1
0 0.75 0
-1 0.25 1
0 0.5 0
-1 0.25 1
-1 0.25 1
1 0.25 1
-1 0.25 1
-3 0.25 1
-1 0.25 1
0 0.25 0
-6 0.25 1
-3 0.25 1
-1 0.25 1
-1 0.25 1
0 0.5 0
-1 0.25 1
0 0.5 0
-1 0.25 1
-1 0.25 1
1 0.25 1
-1 0.25 1
-3 0.25 1
-1 0.25 1
0 0.75 0
-1 1 1
6 1 1
6 1 1
0 0.5 0
6 0.25 1
6 0.25 1
7 0.5 1
9 0.5 1
7 0.5 1
6 0.5 1
6 1.0 1
1 0.5 1
2 0.5 1
4 1.0 1
4 1.0 1
4 1.0 1
0 0.5 0
2 0.5 1
4 0.75 1
6 0.125 1
4 0.125 1
2 0.5 1
1 0.5 1
-1 1.5 1
-1 0.25 1
-1 0.25 1
-1 1.0 1
2 1.0 1
2 1.0 1
0 0.5 0
2 0.25 1
2 0.25 1
4 0.5 1
6 0.5 1
4 0.5 1
2 0.5 1
2 1.0 1
0 0.5 0
2 0.5 1
4 1.0 1
4 1.0 1
4 1.0 1
4 0.5 1
6 0.5 1
7 0.75 1
18 0.125 1
16 0.125 1
14 0.5 1
13 0.5 1
11 2.0 1
-1 0.25 1
0 0.75 0
-1 0.25 1
0 0.5 0
-1 0.25 1
-1 0.25 1
1 0.25 1
-1 0.25 1
-3 0.25 1
-1 0.25 1
0 0.25 0
-6 0.25 1
-3 0.25 1
-1 0.25 1
0 0.75 0
-1 0.25 1
0 0.5 0
-1 0.25 1
-1 0.25 1
1 0.25 1
-1 0.25 1
-3 0.25 1
-1 0.25 1
0 0.25 0
-6 0.25 1
-3 0.25 1
-1 0.25 1
0 0.75 0
-1 0.25 1
0 0.5 0
-1 0.25 1
-1 0.25 1
1 0.25 1
-1 0.25 1
-3 0.25 1
-1 0.25 1
0 0.25 0
-6 0.25 1
-3 0.25 1
-1 0.25 1
0 0.75 0
-1 0.25 1
0 0.5 0
-1 0.25 1
-1 0.25 1
1 0.25 1
-1 0.25 1
-3 0.25 1
-1 0.25 1
0 0.25 0
-6 0.25 1
-3 0.25 1
-6 0.25 1
-3 0.25 1
-1 0.5 1
7 0.5 1
6 0.5 1
6 0.5 1
6 0.5 1
6 0.5 1
6 0.5 1
4 0.5 1
4 0.5 1
4 0.5 1
2 0.5 1
2 0.5 1
2 0.5 1
2 0.5 1
2 0.5 1
7 0.5 1
7 0.5 1
7 0.5 1
6 0.5 1
6 0.5 1
6 0.5 1
6 0.5 1
6 0.5 1
4 0.5 1
4 0.5 1
4 0.5 1
2 0.5 1
2 0.5 1
2 0.5 1
2 0.5 1
2 0.5 1
11 1.0 1
11 0.75 1
11 0.25 1
11 0.25 1
13 0.25 1
14 0.25 1
16 0.25 1
18 0.5 1
23 0.25 1
21 0.25 1
23 0.5 1
21 0.5 1
23 0.5 1
18 1.0 1
16 0.5 1
18 0.5 1
0 0.5 0
11 1.0 1
11 0.75 1
11 0.25 1
11 0.25 1
13 0.25 1
14 0.25 1
16 0.25 1
18 0.25 1
18 0.125 1
19 0.125 1
21 0.125 1
23 0.75 1
11 0.5 1
16 0.5 1
18 2.5 1
0 0.5 0
6 0.5 1
6 0.5 1
6 0.5 1
6 1.5 1
6 0.5 1
7 0.5 1
9 0.5 1
7 0.5 1
6 0.5 1
6 1.0 1
13 0.5 1
14 0.5 1
16 0.5 1
0 0.5 0
16 0.5 1
0 0.5 0
16 0.5 1
0 0.5 0
13 0.5 1
14 0.5 1
16 0.5 1
16 0.5 1
14 0.5 1
13 0.5 1
11 1.0 1
0 0.5 0
6 0.5 1
6 0.5 1
6 0.5 1
6 0.5 1
6 0.5 1
6 1.5 1
6 0.5 1
7 0.5 1
9 0.5 1
7 0.5 1
6 0.5 1
6 1.0 1
13 0.5 1
14 0.5 1
16 0.5 1
0 0.5 0
16 0.5 1
0 0.5 0
16 0.5 1
0 0.5 0
13 0.5 1
14 0.5 1
16 0.5 1
16 0.5 1
14 0.5 1
13 0.5 1
11 2.0 1
11 1.5 1
13 0.5 1
14 1.0 1
16 1.0 1
18 0.5 1
19 0.5 1
18 0.5 1
16 0.5 1
14 0.5 1
11 0.5 1
13 0.5 1
13 0.5 1
13 1.0 1
13 0.5 1
14 0.5 1
11 0.5 1
11 0.5 1
13 2.0 1
9 0.25 1
11 0.25 1
13 0.25 1
16 0.25 1
18 0.25 1
22 0.25 1
11 1.5 1
13 0.5 1
14 1.0 1
16 1.0 1
18 0.5 1
19 0.5 1
18 0.5 1
16 0.5 1
14 1.0 1
11 0.5 1
0 0.5 0
13 1.0 1
16 0.5 1
0 0.5 0
14 1.5 1
13 0.5 1
11 0.25 1
9 0.25 1
6 0.25 1
9 0.25 1
11 0.25 1
9 0.25 1
6 0.25 1
9 0.25 1
11 0.5 1
0 0.5 0
11 0.5 1
23 1.0 1
23 1.0 1
21 0.5 1
21 0.5 1
21 1.0 1
20 0.5 1
20 0.5 1
20 0.5 1
20 0.5 1
18 0.5 1
16 0.5 1
14 1.0 1
0 0.5 0
21 0.5 1
21 0.5 1
21 0.5 1
20 1.0 1
20 1.0 1
18 0.5 1
18 0.5 1
16 0.5 1
18 2.5 1
23 1.0 1
23 1.0 1
21 0.5 1
21 0.5 1
21 1.0 1
20 0.5 1
20 0.5 1
20 0.5 1
20 0.5 1
18 0.5 1
16 0.5 1
14 1.0 1
0 0.5 0
21 0.5 1
21 0.5 1
21 0.5 1
20 1.0 1
20 1.0 1
18 0.5 1
18 0.5 1
16 0.5 1
18 2.5 1
11 0.25 1
9 0.25 1
6 0.25 1
9 0.25 1
11 0.25 1
16 0.25 1
18 0.25 1
21 0.25 1
23 0.5 1
0 0.5 0
23 0.5 1
0 0.5 0
11 1.0 1
11 0.75 1
11 0.25 1
11 0.25 1
13 0.25 1
14 0.25 1
16 0.25 1
18 0.5 1
23 0.25 1
21 0.25 1
23 0.5 1
21 0.5 1
23 0.5 1
18 1.0 1
16 0.5 1
18 0.5 1
0 0.5 0
11 1.0 1
11 0.75 1
11 0.25 1
11 0.25 1
13 0.25 1
14 0.25 1
16 0.25 1
18 0.25 1
18 0.125 1
19 0.125 1
21 0.125 1
23 0.75 1
11 0.5 1
16 0.5 1
18 2.5 1
-1 1 1
6 1 1
6 1 1
0 0.5 0
6 0.25 1
6 0.25 1
7 0.5 1
9 0.5 1
7 0.5 1
6 0.5 1
6 1.0 1
1 0.5 1
2 0.5 1
4 1.0 1
4 1.0 1
4 1.0 1
1 0.5 1
2 0.5 1
4 0.625 1
4 0.125 1
6 0.125 1
4 0.125 1
2 0.5 1
1 0.5 1
-1 1.0 1
23 0.5 1
-1 0.5 1
-1 0.5 1
6 0.5 1
6 0.5 1
6 0.5 1
6 0.5 1
7 0.5 1
9 0.5 1
7 0.5 1
6 0.5 1
6 1.0 1
13 0.5 1
14 0.5 1
16 1.0 1
16 1.0 1
16 1.0 1
13 0.5 1
14 0.5 1
16 0.5 1
16 0.5 1
14 0.5 1
11 1.0 1
0 1.0 0
-1 0.5 1
6 0.5 1
6 0.5 1
6 0.5 1
6 0.5 1
7 0.5 1
9 0.5 1
7 0.5 1
6 0.5 1
6 1.0 1
13 0.5 1
14 0.5 1
16 1.0 1
16 1.0 1
16 1.0 1
13 0.5 1
14 0.5 1
16 0.5 1
16 0.5 1
14 0.5 1
13 0.5 1
11 2.0 1
11 1.5 1
13 0.5 1
14 1.0 1
16 1.0 1
18 0.5 1
19 0.5 1
18 0.5 1
16 0.5 1
14 0.5 1
11 0.5 1
13 0.5 1
13 0.5 1
13 1.0 1
13 0.5 1
14 0.5 1
11 0.5 1
11 0.5 1
13 2.0 1
9 0.25 1
11 0.25 1
13 0.25 1
16 0.25 1
18 0.25 1
22 0.25 1
11 1.5 1
13 0.5 1
14 1.0 1
16 1.0 1
18 0.5 1
19 0.5 1
18 0.5 1
16 0.5 1
14 1.0 1
11 0.5 1
0 0.5 0
13 1.0 1
16 0.5 1
0 0.5 0
14 1.5 1
13 0.5 1
11 0.25 1
9 0.25 1
6 0.25 1
9 0.25 1
11 0.25 1
9 0.25 1
6 0.25 1
9 0.25 1
11 0.5 1
0 0.5 0
11 0.5 1
0 0.5 0
23 1.0 1
23 1.0 1
21 0.5 1
21 0.5 1
21 1.0 1
20 0.5 1
20 0.5 1
20 0.5 1
20 0.5 1
18 0.5 1
16 0.5 1
14 1.0 1
0 0.5 0
21 0.5 1
21 0.5 1
21 0.5 1
20 1.0 1
20 1.0 1
18 0.5 1
18 0.5 1
16 0.5 1
18 2.5 1
23 1.0 1
23 1.0 1
21 0.5 1
21 0.5 1
21 1.0 1
20 0.5 1
20 0.5 1
20 0.5 1
20 0.5 1
18 0.5 1
16 0.5 1
14 1.0 1
0 0.5 0
21 0.5 1
21 0.5 1
21 0.5 1
20 1.0 1
20 1.0 1
18 0.5 1
18 0.5 1
16 0.5 1
18 2.5 1
11 0.25 1
9 0.25 1
6 0.25 1
9 0.25 1
11 0.25 1
16 0.25 1
18 0.25 1
21 0.25 1
23 0.5 1
0 0.5 0
23 0.5 1
0 0.5 0
23 2.0 1
26 1.0 1
30 1.0 1
30 1.0 1
28 2.0 1
26 0.5 1
28 0.5 1
30 1.0 1
26 1.0 1
28 1.0 1
25 1.0 1
23 2.0 1
18 0.75 1
16 0.75 1
14 0.5 1
23 2.0 1
21 1.0 1
23 1.0 1
25 2.0 1
26 0.5 1
25 0.5 1
23 2.0 1
18 1.0 1
21 1.0 1
23 2.0 1
0 0.5 0
23 0.25 1
21 0.25 1
23 1.0 1
11 1.0 1
11 0.75 1
11 0.25 1
11 0.25 1
13 0.25 1
14 0.25 1
16 0.25 1
18 0.5 1
23 0.25 1
21 0.25 1
23 0.5 1
21 0.5 1
23 0.5 1
18 1.0 1
16 0.5 1
18 0.5 1
0 0.5 0
11 1.0 1
11 0.75 1
11 0.25 1
11 0.25 1
13 0.25 1
14 0.25 1
16 0.25 1
18 0.25 1
18 0.125 1
19 0.125 1
21 0.125 1
23 0.75 1
11 0.5 1
16 0.5 1
18 2.5 1
11 1.0 1
11 0.75 1
11 0.25 1
11 0.25 1
13 0.25 1
14 0.25 1
16 0.25 1
18 0.5 1
23 0.25 1
21 0.25 1
23 0.5 1
21 0.5 1
23 0.5 1
18 1.0 1
16 0.5 1
18 0.5 1
0 0.5 0
11 1.0 1
11 0.75 1
11 0.25 1
11 0.25 1
13 0.25 1
14 0.25 1
16 0.25 1
18 0.25 1
18 0.125 1
19 0.125 1
21 0.125 1
23 0.75 1
11 0.5 1
16 0.5 1
18 2.5 1
-1 1 1
6 1 1
6 1 1
0 0.5 0
6 0.25 1
6 0.25 1
7 0.5 1
9 0.5 1
7 0.5 1
6 0.5 1
6 1.0 1
1 0.5 1
2 0.5 1
4 1.0 1
4 1.0 1
4 1.0 1
1 0.5 1
2 0.5 1
4 0.625 1
4 0.125 1
6 0.125 1
4 0.125 1
2 0.5 1
1 0.5 1
-1 1.0 1
23 0.5 1
-1 0.5 1
-1 0.5 1
6 0.5 1
6 0.5 1
6 0.5 1
6 0.5 1
7 0.5 1
9 0.5 1
7 0.5 1
6 0.5 1
6 1.0 1
13 0.5 1
14 0.5 1
16 0.5 1
0 0.5 0
16 0.5 1
0 0.5 0
16 0.5 1
0 0.5 0
13 0.5 1
14 0.5 1
16 0.5 1
16 0.5 1
14 0.5 1
11 2.0 1
-1 0.5 1
6 0.5 1
6 0.5 1
6 0.5 1
6 0.5 1
7 0.5 1
9 0.5 1
7 0.5 1
6 0.5 1
6 1.0 1
13 0.5 1
14 0.5 1
16 0.5 1
0 0.5 0
16 0.5 1
0 0.5 0
16 0.5 1
0 0.5 0
13 0.5 1
14 0.5 1
16 0.5 1
16 0.5 1
14 0.5 1
13 0.5 1
11 2.0 1
11 1.5 1
13 0.5 1
14 1.0 1
16 1.0 1
18 0.5 1
19 0.5 1
18 0.5 1
16 0.5 1
14 0.5 1
11 0.5 1
13 0.5 1
13 0.5 1
13 1.0 1
13 0.5 1
14 0.5 1
11 0.5 1
11 0.5 1
13 2.0 1
9 0.25 1
11 0.25 1
13 0.25 1
16 0.25 1
18 0.25 1
22 0.25 1
11 1.5 1
13 0.5 1
14 0.5 1
16 0.5 1
0 1.0 0
18 0.5 1
19 0.5 1
18 0.5 1
16 0.5 1
14 1.0 1
11 0.5 1
0 0.5 0
13 1 1
16 1 1
14 1 1
13 1 1
11 0.25 1
9 0.25 1
6 0.25 1
9 0.25 1
11 0.25 1
9 0.25 1
6 0.25 1
9 0.25 1
11 0.5 1
0 0.5 0
11 0.5 1
0 0.5 0
23 1.0 1
23 1.0 1
21 0.5 1
21 0.5 1
21 1.0 1
20 0.5 1
20 0.5 1
20 0.5 1
20 0.5 1
18 0.5 1
16 0.5 1
14 1.0 1
0 0.5 0
21 0.5 1
21 0.5 1
21 0.5 1
20 1.0 1
20 1.0 1
18 0.5 1
18 0.5 1
16 0.5 1
18 1 1
30 0.5 1
28 0.5 1
30 0.5 1
23 1.0 1
23 1.0 1
21 0.5 1
21 0.5 1
21 1.0 1
20 0.5 1
20 0.5 1
20 0.5 1
20 0.5 1
18 0.5 1
16 0.5 1
14 1.0 1
0 0.5 0
21 0.5 1
21 0.5 1
21 0.5 1
20 1.0 1
20 1.0 1
18 0.5 1
18 0.5 1
16 0.5 1
18 2.5 1
11 0.25 1
9 0.25 1
6 0.25 1
9 0.25 1
11 0.25 1
16 0.25 1
18 0.25 1
21 0.25 1
23 0.5 1
0 0.5 0
23 0.5 1
0 0.5 0
23 1.0 1
23 1.0 1
21 0.5 1
21 0.5 1
21 1.0 1
20 0.5 1
20 0.5 1
20 0.5 1
20 0.5 1
18 0.5 1
16 0.5 1
14 1.0 1
0 0.5 0
21 0.5 1
21 0.5 1
21 0.5 1
20 1.0 1
20 1.0 1
18 0.5 1
18 0.5 1
16 0.5 1
18 1 1
30 0.5 1
28 0.5 1
30 0.5 1
23 1.0 1
23 1.0 1
21 0.5 1
21 0.5 1
21 1.0 1
20 0.5 1
20 0.5 1
20 0.5 1
20 0.5 1
18 0.5 1
16 0.5 1
14 1.0 1
0 0.5 0
21 0.5 1
21 0.5 1
21 0.5 1
20 1.0 1
20 1.0 1
18 0.5 1
18 0.5 1
16 0.5 1
18 2.5 1
11 0.25 1
9 0.25 1
6 0.25 1
9 0.25 1
11 0.25 1
16 0.25 1
18 0.25 1
21 0.25 1
23 0.5 1
0 0.5 0
23 0.5 1
0 0.5 0
